2.482444 1.247349
2.457868 1.97373
2.566997 1.87658
0.881875 3.634069
0.518221 3.5419
0.903766 4.09384
2.27361 1.329909
2.40714 1.0372427
2.30802 1.841416
2.69616 0.836954
2.79641 2.118711
2.96375 0.897915
2.881875 0.634069
2.518221 2.5419
2.903766 2.09384
2.500255 2.78545
2.828484 1.75826
3.428484 1.15826
3.482444 1.247349
2.457868 1.97373
3.566997 1.87658
2.881875 2.534069
2.518221 2.5419
1.903766 2.09384
3.27361 1.329909
3.40714 1.0372427
3.30802 1.841416
3.69616 0.836954
3.79641 2.118711
2.96375 0.897915
1.881875 2.634069
2.185221 2.5419
9.903766 4.09384
12.500255 2.78545
13.828484 1.75826
14.828484 1.75826
16.482444 1.247349
16.457868 1.97373
17.566997 1.87658
19.881875 3.634069
19.518221 3.5419
19.903766 4.09384
20.27361 1.329909
20.40714 1.0372427
20.30802 1.841416
20.69616 0.836954
20.79641 2.118711
20.96375 0.897915
22.881875 3.634069
22.518221 3.5419
22.903766 4.09384
18.500255 2.78545
18.828484 1.75826
17.828484 1.75826